 原创 粉丝 喜欢 评论 等级 访问 积分    排名
2018/06/01  69  134 266 64  5   309132  3345    12956   
2018/06/05  72  137 267 65  5   312383  3390    12832   
2018/06/10  74  141 268 68  5   316417  3432    12629   
2018/06/11  75  142 269 69  5   317327  3448    12629   
2018/06/14  76  148 270 70  5   319695  3469    12499   
2018/06/15  79  149 278 73  5   320697  3514    12590   

2018/06/23  84  149 278 73  5   325308  3582    12186   
2018/06/24  84  149 278 73  5   325583  3583    12233   
2018/06/25  84  149 278 73  5   326008  3584    12038   
2018/06/25  84  149 279 73  5   326039  3584    12038   